-4.61002238989225	-0.888855111842770	0
-4.49696349589749	2.00415001124708	0
1.01226534408797	3.25300100933954	0
-0.0474201132674956	2.60176253812426	0
-0.733488455259686	-1.62076172461088	0
4.12289670586470	3.96465254377984	0
4.28280817579422	3.95940542545929	0
-2.16106270695154	-0.0740409540301155	0
-0.149382659545429	2.09243219371490	0
0.174693608701022	2.36894172703809	0
-0.00524341094324529	2.43224044425935	0
-2.44173479072341	3.91185496335072	0
0.702399345448116	2.91984451193095	0
-4.50035981063205	-0.914017730067015	0
-4.58460837312496	-1.26496938940282	0
2.06619101239378	3.63484753967881	0
-4.54651429415744	3.41031128807415	0
1.35906062789770	2.53568188786592	0
2.74885893542867	3.58895314599358	0
3.68638442363154	3.44146678931456	0
-0.0447863893413139	3.54221016843583	0
4.30305228183533	4.87564706807280	0
-4.19573543035546	2.89908961058876	0
-4.60582897760109	0.888975613762666	0
4.04218556385876	3.33688330646621	0
2.02732111271487	2.99656022808130	0
4.29964010078455	4.12325496533696	0
-0.136698710739662	0.741454521824482	0
-3.38044624538451	2.82420291642217	0
-4.51853347855714	-0.0212765633380250	0
1.16656078750851	3.09783763068051	0
-4.59364731988105	1.24463668940298	0
-3.28526557991613	-0.784451487032467	0
-4.57656638637126	0.445123659012678	0
0.105840210714493	1.92470964806209	0
-3.97017353282544	0.286597457960033	0
-4.13607194693932	3.24246285439801	0
4.28350522188229	3.91077652998497	0
-4.43129516695296	0.608002288952058	0
3.38201236861512	3.38891100678731	0
1.23579134777141	3.11267973545309	0
1.83576213380788	2.83588480030641	0
-4.58805597677969	-0.383431018621494	0
-3.79544479414921	3.77436225576745	0
2.82772725614325	3.37324076104772	0
-0.560061469018182	3.49575519332593	0
-0.126706925558628	3.20784806069314	0
-0.374075448888240	0.409188830091181	0
2.52180542390905	3.68154987460093	0
-0.486380853837061	2.73771128246390	0
-0.141270837573779	1.75556526672829	0
-0.596114549891805	3.33274582270385	0
2.19857632628624	3.61733350695044	0
-0.141843309002347	1.58700548830493	0
4.17437315219410	3.42407391652677	0
-4.59712724513502	-4.09264094476716	0
3.56436526657804	3.97314151224281	0
-0.141451687040169	1.74737927756008	0
1.52699702320574	2.71489529657653	0
-4.57924692081467	-0.212238101086601	0
-0.581769940318446	-0.335057047904159	0
2.77869540197256	3.94330898279362	0
-4.55777431923315	2.35685468179792	0
-3.88717371828070	-2.21792429079885	0
-0.358614994470665	-0.655526061943486	0
-0.130171332416641	2.57544348425784	0
1.47655474357171	3.79642317834826	0
-4.59437714171223	1.20555636930075	0
4.31845726726516	4.01868625398495	0
-0.168303017438638	0.934837836229182	0
4.31415554967069	4.64114669977059	0
-1.60054501826386	0.250943776323559	0
-4.59600124560225	-0.440959101494647	0
-4.45123135543620	-0.817885115077575	0
-2.74737075796859	-2.06848468726845	0
3.00093133902715	3.45837297119229	0
-0.451546000246278	1.22154482187743	0
0.265679312383306	2.23382448920394	0
-2.20950527439430	3.01141524769146	0
4.12943250019709	3.16406289338942	0
-0.141523686857395	3.32171201019432	0
4.29253411605813	3.99861829953537	0
4.31010077547484	4.50106145913462	0
-4.58366523529468	-3.35741935558122	0
4.30850605850226	4.62385342079937	0
4.25026113516626	3.96038214855031	0
4.30210984184431	4.18497090487137	0
4.30146147196466	4.18308140492220	0
1.87762784463797	2.58782778562735	0
-4.57422416585861	-2.82379315791315	0
-0.752815847798630	3.79814411904861	0
-0.840861664916902	3.59045870340181	0
-4.55582828583494	-2.53573959258904	0
-0.141898328188861	3.68355742384225	0
-4.40767086405753	-1.83719924653102	0
-1.28034781239753	0.719134099079382	0
-4.60922293852873	-1.39838103698916	0
-3.98658190908130	3.19811023955423	0
-0.104530688776557	3.59397645770506	0
-4.58430200180401	-0.0404962864519876	0
-4.33360101373288	0.250632424929500	0
-0.169818033247061	0.784347072297498	0
4.29740160651665	4.03547502344974	0
0.544098160309368	3.90025710102594	0
2.19732895412265	3.21736099445142	0
0.692498647149450	3.53081784431297	0
4.15801301085859	3.89202780232981	0
-3.25587893335994	-0.272228073593456	0
-0.359798748017512	-0.380799202206048	0
-3.80614416575394	-1.30745811120464	0
4.05816870506324	3.92891087347627	0
3.11959757530408	2.66637296480460	0
2.17435146541072	2.67968488497665	0
-0.164664188129182	3.32572662008477	0
-4.42568516086615	1.34914787558879	0
0.568753276777546	3.54662225422499	0
-2.73542996554936	1.25483833012377	0
4.30105913508728	4.01855806361908	0
0.199114742504854	3.60029554709382	0
-1.60035079379662	-0.411148615755437	0
-0.252734080762070	2.69636168820478	0
-0.155141088602862	3.92621009509781	0
4.00715569290302	3.25125718554199	0
-4.01431567739822	3.08080167609345	0
4.09444158671089	3.14145960070391	0
2.78023961379217	2.60356869484445	0
0.213203898831748	3.56606389918658	0
-3.54548732579359	-1.96328854957502	0
3.49472862366739	2.57149107271936	0
2.40721238184279	2.91934746951244	0
-0.319713395459299	-0.306422216009232	0
4.30145987261088	4.47528597128457	0
-0.150625565817134	3.33760493124766	0
-2.92497683146100	0.538527645110081	0
4.33113283988972	4.10517133994111	0
-4.58448111891400	0.172220520305220	0
-4.62306999714352	1.45491157585045	0
0.330213734598202	2.75803110208983	0
-1.99748269223790	-1.74281465974341	0
1.61487412583889	3.82431372507061	0
2.11220013395084	3.32144212591160	0
4.30147439361993	4.41665764391136	0
-4.56385221058440	0.137028501704272	0
-4.15874580605096	-0.799429019949732	0
-4.62249719583606	1.81185343735955	0
2.84055831591013	2.40769680793195	0
-4.46704138594825	-2.42068263554894	0
-4.57807315024285	0.821666834461810	0
-0.141440126833661	2.00460186655847	0
0.706485533920341	3.71774961546978	0
-4.59692777526793	2.60229936045890	0
2.98652001839437	2.86026565235290	0
1.61379782025497	3.85726337689753	0
4.30144237444143	4.37118904623523	0
-4.26452814251078	-0.140710255269333	0
-3.36170247026573	-1.96541712599237	0
-3.98412949301711	-0.786564453297297	0
4.33711841365807	4.51943602245628	0
-4.49271060775449	2.76043914795957	0
2.21895847913746	3.53243237084096	0
-0.0827575248053447	2.27665607095886	0
-1.05578106604347	-1.45702607519803	0
-3.53941913789596	-1.61381926449971	0
2.76180100197403	2.48973571993492	0
0.0484520387455801	2.31445091235727	0
-0.138150730196358	3.91166871510948	0
1.30505651864506	3.00777992418116	0
-4.53596746041759	-0.264982088783789	0
-0.107099823356616	1.73363695582572	0
-4.61352036896181	-0.206221410398595	0
4.20049424440310	3.57800156519205	0
3.79076697800484	2.87612145680329	0
0.154052699009135	3.64947939084730	0
-1.47055848657620	0.407352473510618	0
-0.329265054595405	1.73745803837717	0
-4.44275790007837	-2.19014729220742	0
-4.34974403246429	0.242605552429551	0
-0.148582257045223	2.61868426894990	0
-0.882229009826643	-0.0760238033309042	0
-4.58463170483091	3.55391551529051	0
-4.58017495346461	3.60557568070893	0
-3.19150516546649	-1.58367432728166	0
2.16126697220824	3.59726831665369	0
4.25297404246624	3.82966660897493	0
-0.143396817717165	1.13428391973261	0
-0.157278675632388	1.52029140801639	0
0.0737146603919347	3.38962333845396	0
4.34212606355388	4.26570119431491	0
-2.28497698468935	2.97719577444764	0
-0.134220002828231	0.717316485672300	0
2.71449617948820	3.75707305696392	0
-3.32230683246379	0.632421665141019	0
4.22954036708107	3.49347203455398	0
-0.141436761674903	0.968300492845003	0
-4.51839449696836	0.0480126490870871	0
-4.58663205501543	-2.65297843733007	0
-0.141626124069381	1.35818784504396	0
0.0814845075014341	2.24584845525254	0
4.23816965410009	3.77727024138649	0
3.83321688782869	2.92425868181734	0
-1.33805927287429	-3.04568047239992	1
-4.19367833294437	-3.53007622684747	1
-3.70776732112496	-3.75388628988694	1
3.87170645777918	-3.63961115766207	1
0.315771557879684	-0.244872374507111	1
4.55598204114453	-1.84487002715298	1
4.37413115200151	-1.23220771762771	1
4.62189113957444	1.69386995226855	1
4.58477581588827	-3.66931648029330	1
-3.71099716458561	-3.84660709938700	1
-3.63560574564516	-2.75048498604945	1
0.575054444558633	0.323103659574043	1
0.170157409881986	-3.07225823616153	1
3.06520120078563	-2.95007049729117	1
4.38504768545661	1.63228350158032	1
2.84614781248949	0.388461155062694	1
0.145363533191929	-0.0673630360189397	1
-1.97529645988135	-3.81870231630875	1
-0.668275783907220	-3.78956934605470	1
0.485695512712543	-1.98046441327166	1
0.271165389055902	-0.769187649400595	1
2.29278777307239	-0.612047371716027	1
0.100833863935031	-2.99812081109101	1
-4.30122208809599	-4.18000009647093	1
-3.11196375647593	-2.85075943489730	1
2.72671421323416	-2.41275096275054	1
-4.33488218002754	-5.16819147726648	1
4.60209141822652	1.50098232777862	1
-0.598194187322705	-2.24984647440838	1
4.45231580677576	-0.981419056143614	1
-3.99098375255169	-3.26642961587901	1
-3.92590508485283	-3.61518460852469	1
-4.02735749743983	-3.82678021541921	1
-2.54118934585364	-3.21206791784983	1
0.0271137383242009	-1.71863407151489	1
-1.84362253502300	-3.50853066687485	1
0.225909569643845	-0.118568602138644	1
4.56013515390931	-1.25933113951937	1
-1.48860952073176	-3.00606038219812	1
0.141016178974937	-3.10893242265286	1
4.44817827996759	-0.320475022810027	1
2.50632961288811	-1.53853919481484	1
2.31548840283213	0.279185915249710	1
-1.65238116518668	-3.86781224217281	1
0.617216117262812	-1.31068438588150	1
4.58432562707481	-1.19023872506301	1
1.76224291715168	-1.17835731953906	1
-2.51583564419296	-3.22055357147266	1
0.541703692578041	-1.45413082826459	1
-4.28785661533833	-3.90909209334069	1
-3.46431773898421	-3.86561375371935	1
0.166725341789299	-3.23916688532069	1
-4.33314630957811	-4.80352154597760	1
0.751246502011415	-1.70594110661985	1
0.236459962915822	-3.57542733778001	1
0.141421607389389	-3.66630760316510	1
-2.54317812128204	-3.71746086454692	1
-4.30350324437996	-4.83144171354144	1
-4.30137081598249	-4.21263387734838	1
0.498638449977199	-1.98718685106020	1
0.0926912536807935	-1.73574017179330	1
3.91881837423153	-2.09318732547386	1
-2.64155261112024	-3.36557114102990	1
-3.88884034613743	-3.06669331574144	1
-4.30119655233433	-4.03646474692850	1
4.58407750758839	0.742743865974023	1
4.36089701743046	-1.44184358269600	1
-0.585277605889640	-3.46821531844996	1
-4.28842250925654	-3.94563348422726	1
4.58307883912324	0.351800479945734	1
1.33593420468805	1.57784650694303	1
0.268865249384114	0.755159591900769	1
4.58121298316719	-1.73172922390955	1
4.58413224945103	2.63153217146860	1
0.146564746511792	-0.432857909832994	1
1.81979421920869	1.31094934484109	1
0.237392501801560	-0.537861700651255	1
-4.30507094299007	-4.77756285688053	1
-3.76887486738360	-3.24835004861790	1
0.152083697024605	-2.63653021931605	1
1.88579514409027	1.78419232733505	1
0.169894463484015	-2.77796340330662	1
-4.31021416011453	-4.88752216264904	1
-4.32729557253223	-4.37605252635973	1
0.180988759136744	-3.33363905780614	1
0.0920634542428412	-3.59719997631015	1
4.46413350883811	-0.164009692477724	1
0.323637004033249	-1.16002887568739	1
4.37201573423395	-0.577744361072357	1
2.59735545298838	1.21400123227403	1
-4.22340500975599	-3.74588249842185	1
-1.89869025257604	-2.57781613246842	1
-4.30020023683294	-4.16731216041629	1
-0.819424618312141	-3.53147033974634	1
0.247709327983372	-3.32047755021204	1
-4.12400312450021	-3.16143098541510	1
-0.958931033086425	-3.66312280982420	1
-4.29873794467911	-4.16745110356207	1
4.58447877044047	-0.959250144817039	1
-4.27278202269154	-3.75357760245113	1
-0.304527711359923	-3.68361116448335	1
0.899086394560751	-3.77300367337066	1
-4.30022539551114	-4.14860828895081	1
4.57517347189988	-2.71533281405395	1
-4.18012392487620	-3.98975953331669	1
3.10441867435760	0.407367272743162	1
4.33535697820490	-2.32974162974218	1
0.572274740533438	-3.72278745410537	1
-4.22865635839974	-3.80420878214462	1
0.134338604825046	-3.73672647913512	1
1.54814605146749	-0.818938281678101	1
0.142709889790208	-0.0772266769518604	1
-4.14301161279293	-3.44580417776795	1
4.27775012181856	-1.71835043495519	1
-4.29989196044190	-4.00287394787006	1
-4.32924533395894	-4.41993910187888	1
-3.16628080492277	-3.52411809924348	1
0.398173503118360	-0.904989526697326	1
-3.16070050299289	-3.38393081876373	1
-0.918198905883870	-2.72217041213237	1
-0.472730654236476	-3.20479134067233	1
0.253548988231464	-0.964830216438098	1
-4.30510514278996	-4.09343144877625	1
0.141421700684973	-0.438282182253621	1
-2.62705169825173	-2.93564315971788	1
-4.30057550824621	-4.00503131504890	1
0.144032922431893	-1.22509484821588	1
-0.202084979375530	-3.19820954171368	1
-0.465131272256695	-2.58151939559674	1
0.542073234800026	-2.64319104655902	1
4.58010947928388	-1.00616016657261	1
-0.418416648382017	-3.36915499265381	1
4.55538726652596	-0.532496354582615	1
0.141599575754875	-0.804583568069433	1
-4.12322953195814	-3.81579399853231	1
-3.58368350957128	-3.99725887118071	1
4.35947366369248	-3.93269656549489	1
-4.32587865516564	-5.17808377163880	1
3.23643298858531	1.23737426753223	1
4.58313809358019	-3.87943369628630	1
-3.58816609876390	-2.99535760406024	1
4.59172985766642	1.09581938093299	1
0.216944111064774	0.725750499731911	1
1.62718763895737	-1.99236933432467	1
-0.886997205426581	-2.39262251439650	1
-1.45891361266256	-3.93613757738020	1
0.237682356510877	-0.677873259917996	1
2.64488326845165	1.81566937397123	1
-1.48607995379598	-2.75037091365237	1
-1.96669943436585	-2.52339570879861	1
1.34643111478737	-2.24165572836380	1
-1.16667454378457	-2.80166253709009	1
-3.66181137111962	-3.37919876641085	1
-0.529925140531382	-3.60554790729421	1
0.153495950877469	-0.245879069465795	1
0.134957159934853	-1.89652140962079	1
-3.48841961609188	-2.51430316381088	1
-4.33831714915037	-4.93213507259787	1
4.05043030454480	-1.36086116255272	1
4.53880245143717	-0.258279505665818	1
4.58499513962478	1.20086996052369	1
1.27047253680151	1.54533619859858	1
0.0988478407464928	-2.17278047930607	1
-3.26709740254836	-3.12845082935232	1
-4.25614906915249	-3.88072617951220	1
0.168481422727324	-3.14935861701019	1
-2.07061995981851	-3.61920695680648	1
0.178175257455826	-1.33264578220628	1
0.632111027130179	-3.99622014569756	1
-3.61566966588192	-3.31698152377183	1
-4.31300557186408	-4.58271319607452	1
-4.29620209213987	-4.02177869240243	1
0.303602140582418	-3.19906702897830	1
-0.0748595033441674	-1.94859002380045	1
4.33531633820486	-0.373246932529497	1
0.121732122771269	-3.53756622664212	1
0.140980120515305	-1.92877955902928	1
-0.864600174402501	-3.27880421061180	1
-3.75312472802061	-2.87009708949305	1
1.43682105416544	-2.87923060355661	1
0.534552512794415	-0.00477678371177426	1
-4.30531613538041	-4.53831389394232	1
-2.40486462217661	-3.16871433886068	1
4.58899882687000	3.18464395214288	1
4.36632165497966	2.04032514661128	1
-1.61113638192654	-2.55541279335179	1
-2.48093789088021	-3.68595157847637	1
-3.63097748954822	-2.77176846052479	1
0.0880633843532678	-2.91168516029604	1
4.13375795447573	-2.67026715407153	1
4.54249691784684	-0.630190033272121	1
-3.89736067700675	-3.66836004653425	1
0.144278016920374	-0.705404389940962	1
-0.266256680298170	-3.90951878776625	1
4.60186633201834	0.726682678918171	1
4.24734389252842	1.84811861863290	1
1.61308396202627	-0.861142341274138	1
0.0802376153653912	-2.94679897273663	1
-4.30379856364139	-4.20837409982047	1
-4.28878116787302	-3.93767268139605	1
